
%%%%%%%%%%%%%%%%%%%%%%%%%%%%%%%%%%%%%%%%%%%%%%%%%%%%%%%%%%%%%%%%%
% This ".m" code multiplies the data by 32768 to magnify it and then performs 
% FFT of size 1024. The resulting output is divided by 1024 for comparison with 
% the Q15 ASM FFT. The hexadecimal code is displayed using the "dec2hex" function.
%%%%%%%%%%%%%%%%%%%%%%%%%%%%%%%%%%%%%%%%%%%%%%%%%%%%%%%%%%%%%%%%%%




% Define constants
fftLength_fft1024 = 1024;
PI = 3.14159265358979323846;



% Define the input data
data = [
        -0.353759765625000+0.533782958984375i;
        -0.561920166015625+0.827178955078125i;
        -0.555084228515625+0.040863037109375i;
        0.329925537109375+0.688262939453125i;
        -0.357147216796875-0.592132568359375i;
        0.075439453125000+0.868621826171875i;
        -0.632141113281250-0.413848876953125i;
        0.358306884765625-0.448455810546875i;
        -0.220245361328125+0.680328369140625i;
        0.651855468750000+0.429656982421875i;
        0.640319824218750-0.658111572265625i;
        0.169372558593750-0.884033203125000i;
        -0.006256103515625+0.713195800781250i;
        0.723815917968750-0.544769287109375i;
        0.582336425781250-0.364440917968750i;
        0.262359619140625+0.292297363281250i;
        0.651855468750000+0.429656982421875i;
        0.640319824218750-0.658111572265625i;
        0.169372558593750-0.884033203125000i;
        -0.006256103515625+0.713195800781250i;
        0.329925537109375+0.688262939453125i;
        -0.357147216796875-0.592132568359375i;
        0.075439453125000+0.868621826171875i;
        -0.561920166015625+0.827178955078125i;
        -0.555084228515625+0.040863037109375i;
        0.329925537109375+0.688262939453125i;
        -0.006256103515625+0.713195800781250i;
        0.723815917968750-0.544769287109375i;
        0.582336425781250-0.364440917968750i;
        0.262359619140625+0.292297363281250i;
        0.075439453125000+0.868621826171875i;
        -0.632141113281250-0.413848876953125i;
        0.358306884765625-0.448455810546875i;
        -0.220245361328125+0.680328369140625i;
        -0.353759765625000+0.533782958984375i;
        -0.561920166015625+0.827178955078125i;
        -0.555084228515625+0.040863037109375i;
        0.329925537109375+0.688262939453125i;
        -0.357147216796875-0.592132568359375i;
        0.582336425781250-0.364440917968750i;
        0.262359619140625+0.292297363281250i;
        0.651855468750000+0.429656982421875i;
        -0.220245361328125+0.680328369140625i;
        0.651855468750000+0.429656982421875i;
        0.640319824218750-0.658111572265625i;
        0.169372558593750-0.884033203125000i;
        -0.006256103515625+0.713195800781250i;
        0.723815917968750-0.544769287109375i;
        -0.555084228515625+0.040863037109375i;
        0.329925537109375+0.688262939453125i;
        -0.006256103515625+0.713195800781250i;
        0.723815917968750-0.544769287109375i;
        -0.220245361328125+0.680328369140625i;
        0.651855468750000+0.429656982421875i;
        0.640319824218750-0.658111572265625i;
        0.169372558593750-0.884033203125000i;
        0.329925537109375+0.688262939453125i;
        -0.357147216796875-0.592132568359375i;
        0.582336425781250-0.364440917968750i;
        0.651855468750000+0.429656982421875i;
        0.640319824218750-0.658111572265625i;
        0.169372558593750-0.884033203125000i;
        -0.006256103515625+0.713195800781250i;
        0.723815917968750-0.544769287109375i;
        -0.006256103515625+0.713195800781250i;
        0.329925537109375+0.688262939453125i;
        -0.357147216796875-0.592132568359375i;
        0.075439453125000+0.868621826171875i;
        -0.561920166015625+0.827178955078125i;
        -0.555084228515625+0.040863037109375i;
        0.329925537109375+0.688262939453125i;
        -0.006256103515625+0.713195800781250i;
        0.723815917968750-0.544769287109375i;
        0.582336425781250-0.364440917968750i;
        -0.357147216796875-0.592132568359375i;
        0.582336425781250-0.364440917968750i;
        0.262359619140625+0.292297363281250i;
        0.651855468750000+0.429656982421875i;
        -0.220245361328125+0.680328369140625i;
        0.651855468750000+0.429656982421875i;
        0.640319824218750-0.658111572265625i;
        0.169372558593750-0.884033203125000i;
        -0.006256103515625+0.713195800781250i;
        0.723815917968750-0.544769287109375i;
        -0.353759765625000+0.533782958984375i;
        -0.561920166015625+0.827178955078125i;
        -0.555084228515625+0.040863037109375i;
        0.329925537109375+0.688262939453125i;
        -0.357147216796875-0.592132568359375i;
        0.075439453125000+0.868621826171875i;
        -0.632141113281250-0.413848876953125i;
        0.358306884765625-0.448455810546875i;
        -0.220245361328125+0.680328369140625i;
        0.358306884765625-0.448455810546875i;
        -0.220245361328125+0.680328369140625i;
        0.651855468750000+0.429656982421875i;
        0.640319824218750-0.658111572265625i;
        0.169372558593750-0.884033203125000i;
        -0.006256103515625+0.713195800781250i;
        0.723815917968750-0.544769287109375i;
        0.169372558593750-0.884033203125000i;
        -0.006256103515625+0.713195800781250i;
        0.723815917968750-0.544769287109375i;
        -0.006256103515625+0.713195800781250i;
        0.329925537109375+0.688262939453125i;
        -0.357147216796875-0.592132568359375i;
        0.651855468750000+0.429656982421875i;
        0.640319824218750-0.658111572265625i;
        0.169372558593750-0.884033203125000i;
        -0.006256103515625+0.713195800781250i;
        0.329925537109375+0.688262939453125i;
        -0.357147216796875-0.592132568359375i;
        0.075439453125000+0.868621826171875i;
        0.582336425781250-0.364440917968750i;
        0.262359619140625+0.292297363281250i;
        0.651855468750000+0.429656982421875i;
        -0.220245361328125+0.680328369140625i;
        0.651855468750000+0.429656982421875i;
        0.651855468750000+0.429656982421875i;
        0.640319824218750-0.658111572265625i;
        0.169372558593750-0.884033203125000i;
        -0.006256103515625+0.713195800781250i;
        0.723815917968750-0.544769287109375i;
        0.582336425781250-0.364440917968750i;
        0.262359619140625+0.292297363281250i;
        0.651855468750000+0.429656982421875i;
        0.640319824218750-0.658111572265625i;
        0.169372558593750-0.884033203125000i;
        0.640319824218750-0.658111572265625i;
        0.169372558593750-0.884033203125000i;
        -0.006256103515625+0.713195800781250i;
        0.723815917968750-0.544769287109375i;
        0.582336425781250-0.364440917968750i;
        0.262359619140625+0.292297363281250i;
        0.651855468750000+0.429656982421875i;
        0.640319824218750-0.658111572265625i;
        0.169372558593750-0.884033203125000i;
        -0.006256103515625+0.713195800781250i;
        0.329925537109375+0.688262939453125i;
        -0.357147216796875-0.592132568359375i;
        0.169372558593750-0.884033203125000i;
        -0.006256103515625+0.713195800781250i;
        0.723815917968750-0.544769287109375i;
        0.169372558593750-0.884033203125000i;
        -0.006256103515625+0.713195800781250i;
        0.723815917968750-0.544769287109375i;
        -0.006256103515625+0.713195800781250i;
        0.329925537109375+0.688262939453125i;
        -0.357147216796875-0.592132568359375i;
        0.651855468750000+0.429656982421875i;
        0.640319824218750-0.658111572265625i;
        0.169372558593750-0.884033203125000i;
        -0.555084228515625+0.040863037109375i;
        0.329925537109375+0.688262939453125i;
        -0.357147216796875-0.592132568359375i;
        0.582336425781250-0.364440917968750i;
        0.262359619140625+0.292297363281250i;
        0.651855468750000+0.429656982421875i;
        -0.220245361328125+0.680328369140625i;
        0.651855468750000+0.429656982421875i;
        0.640319824218750-0.658111572265625i;
